378,7
378,6
91,6
91,5
97,5
5,99
488,5
488,4
488,3
488,2
488,1
488,0
487,5
487,4
487,3
487,2
487,1
487,0
461,11
111,5
484,18
9,14
256,6
389,6
449,6
9,13
276,7
455,20
486,7
486,5
486,4
486,3
486,2
486,1
486,0
284,8
291,5
453,8
309,8
485,11
485,10
485,9
485,8
485,7
485,6
485,5
485,4
485,3
485,2
485,1
485,0
484,15
484,14
484,13
484,12
484,11
484,10
484,9
484,8
484,7
484,6
484,5
484,4
484,3
484,2
484,1
484,0
384,12
478,16
9,12
312,20
463,9
218,34
469,5
483,5
483,4
483,3
483,2
483,1
483,0
482,5
482,4
482,3
482,2
482,1
482,0
481,3
481,2
481,1
481,0
480,4
480,3
480,2
480,1
480,0
479,4
479,3
479,2
479,1
479,0
380,5
380,4
478,15
478,14
478,13
478,12
478,11
478,10
478,9
478,8
478,7
478,6
478,5
478,4
478,3
478,2
478,1
478,0
0,227
451,14
477,8
477,7
477,6
477,5
477,4
477,3
477,2
477,1
477,0
476,8
476,7
476,6
476,5
476,4
476,3
476,2
476,1
476,0
475,7
475,6
475,5
475,4
475,3
475,2
475,1
475,0
474,7
474,6
474,5
474,4
474,3
474,2
474,1
474,0
473,9
473,8
473,7
473,6
473,5
473,4
473,3
473,2
473,1
473,0
472,5
472,4
472,3
472,2
472,1
472,0
90,7
421,8
381,9
471,6
471,5
471,4
471,3
471,2
471,1
471,0
470,9
470,8
470,7
470,6
470,5
470,4
470,3
470,2
470,1
470,0
399,10
469,4
469,3
469,2
469,1
469,0
468,5
468,4
468,3
468,2
468,1
468,0
221,10
467,4
467,3
467,2
467,1
467,0
466,5
466,4
466,3
466,2
466,1
466,0
465,4
465,3
465,2
465,1
465,0
464,4
464,3
464,2
464,1
464,0
0,226
463,8
463,7
463,6
463,5
463,4
463,3
463,2
463,1
463,0
55,7
55,6
462,7
462,6
462,5
462,4
462,3
462,2
462,1
462,0
461,10
461,9
461,8
461,7
461,6
461,5
461,4
461,3
461,2
461,1
461,0
460,10
460,9
460,8
460,7
460,6
460,5
460,4
460,3
460,2
460,1
460,0
459,4
459,3
459,2
459,1
459,0
458,15
458,14
458,13
458,12
458,11
458,10
458,9
458,8
458,7
458,6
458,5
458,4
458,3
458,2
458,1
458,0
457,14
457,13
457,12
457,11
457,10
457,9
457,8
457,7
457,6
457,5
457,4
457,3
457,2
457,1
457,0
456,4
456,3
456,2
456,1
456,0
0,225
455,19
455,18
455,17
455,16
455,15
455,14
455,13
455,12
455,10
455,9
455,8
455,7
455,6
455,5
455,4
455,3
455,2
455,1
455,0
454,13
454,12
454,11
454,10
454,9
454,8
454,7
454,6
454,5
454,4
454,3
454,2
454,1
454,0
453,7
453,6
453,5
453,4
453,3
453,2
453,1
453,0
30,13
452,5
452,4
452,3
452,2
452,1
452,0
451,13
451,12
451,11
451,10
451,9
451,8
451,7
451,6
451,5
451,4
451,3
451,2
451,1
451,0
450,6
450,5
450,4
450,3
450,2
450,1
450,0
449,5
449,4
449,3
449,2
449,1
449,0
448,5
448,4
448,3
448,2
448,1
448,0
447,5
447,4
447,3
447,2
447,1
447,0
446,5
446,4
446,3
446,2
446,1
446,0
445,5
445,4
445,3
445,2
445,1
445,0
444,5
444,4
444,3
444,2
444,1
444,0
443,5
443,4
443,3
443,2
443,1
443,0
442,8
442,7
442,6
442,5
442,4
442,3
442,2
442,1
442,0
441,15
441,14
441,13
441,12
441,11
441,10
441,9
441,8
441,7
441,6
441,5
441,4
441,3
441,2
441,1
441,0
440,4
440,3
440,2
440,1
440,0
439,4
439,3
439,2
439,1
439,0
438,4
438,3
438,2
438,1
438,0
437,4
437,3
437,2
437,1
437,0
436,5
436,4
436,3
436,2
436,1
436,0
435,5
435,4
435,3
435,2
435,1
435,0
434,4
434,3
434,2
434,1
434,0
433,15
433,14
433,13
433,12
433,11
433,10
433,9
433,8
433,7
433,6
433,5
433,4
433,3
433,2
433,1
433,0
432,4
432,3
432,2
432,1
432,0
431,5
431,4
431,3
431,2
431,1
431,0
430,5
430,4
430,3
430,2
430,1
430,0
429,5
429,4
429,3
429,2
429,1
429,0
428,5
428,4
428,3
428,2
428,1
428,0
427,7
427,6
427,5
427,4
427,3
427,2
427,1
427,0
426,8
426,7
426,6
0,223
426,5
426,4
426,3
426,2
426,1
426,0
425,8
425,7
425,6
425,5
425,4
425,3
425,2
425,1
425,0
424,7
424,6
424,5
424,4
424,3
424,2
424,1
424,0
273,10
273,9
285,7
423,9
423,8
423,7
423,6
423,5
423,4
423,3
423,2
423,1
423,0
422,7
422,6
422,5
422,4
422,3
422,2
422,1
422,0
421,7
421,6
421,5
421,4
421,3
421,2
421,1
421,0
399,9
420,3
420,2
420,1
420,0
419,3
419,2
419,1
419,0
418,6
418,5
418,4
418,3
418,2
418,1
418,0
417,5
417,4
417,3
417,2
417,1
417,0
416,5
416,4
416,3
416,2
416,1
416,0
415,4
415,3
415,2
415,1
415,0
414,4
414,3
414,2
414,1
414,0
413,5
413,4
413,3
413,2
413,1
413,0
412,3
412,2
412,1
412,0
411,3
411,2
411,1
411,0
410,13
410,12
410,11
410,10
410,9
410,8
410,7
410,6
410,5
410,4
410,3
410,2
410,1
410,0
409,13
409,12
409,11
409,10
409,9
409,8
409,7
409,6
409,5
409,4
409,3
409,2
409,1
409,0
408,19
408,18
408,17
408,16
408,15
408,14
408,13
408,12
408,11
408,10
408,9
408,8
408,7
408,6
408,5
408,4
408,3
408,2
408,1
408,0
0,222
407,19
407,18
407,17
407,16
407,15
407,14
407,13
407,12
407,11
407,10
407,9
407,8
407,7
407,6
407,5
407,4
407,3
407,2
407,1
407,0
218,33
218,32
218,31
406,5
406,4
406,3
406,2
406,1
406,0
405,4
405,3
405,2
405,1
405,0
404,3
404,2
404,1
404,0
33,7
403,6
403,5
403,4
403,3
403,2
403,1
403,0
402,4
402,3
402,2
402,1
402,0
375,14
392,20
391,8
401,4
401,3
401,2
401,1
401,0
400,6
400,5
400,4
400,3
400,2
400,1
400,0
399,8
399,7
399,6
399,5
399,4
399,3
399,2
399,1
399,0
398,7
398,6
398,5
398,4
398,3
398,2
398,1
398,0
397,7
397,6
397,5
397,4
397,3
397,2
397,1
397,0
396,7
396,6
396,5
396,4
396,3
396,2
396,1
396,0
395,8
395,7
395,6
395,5
395,4
395,3
395,2
395,1
395,0
394,7
394,6
394,5
394,4
394,3
394,2
394,1
394,0
393,6
393,5
393,4
393,3
393,2
393,1
393,0
392,19
392,18
392,17
392,16
392,15
392,14
392,13
392,12
392,11
392,10
392,9
392,8
392,7
392,6
392,5
392,4
392,3
392,2
392,1
392,0
0,221
391,7
391,6
391,5
391,4
391,3
391,2
391,1
391,0
390,11
390,10
390,9
390,7
390,4
390,3
390,2
390,1
390,0
389,5
389,4
389,3
389,2
389,1
389,0
338,13
388,6
388,5
388,4
388,3
388,2
388,1
388,0
387,19
387,18
387,17
387,16
387,15
387,14
387,13
387,12
387,11
387,10
387,9
387,8
387,7
387,6
387,5
387,4
387,3
387,2
387,1
387,0
386,18
386,17
386,16
386,15
386,14
386,13
386,12
386,11
386,10
386,9
386,8
386,7
386,6
386,5
386,4
386,3
386,2
386,1
386,0
330,19
385,6
385,5
385,4
385,3
385,2
385,1
385,0
26,4
346,6
363,4
5,72
384,11
384,10
384,9
384,8
384,7
384,6
384,4
384,3
384,2
384,1
384,0
338,12
383,5
383,4
383,3
383,2
383,1
383,0
382,5
382,4
382,3
382,2
382,1
382,0
5,71
381,8
381,7
381,6
381,5
381,4
381,3
381,2
381,1
381,0
380,3
380,2
380,1
380,0
379,15
379,14
379,13
379,12
379,11
379,10
379,9
379,8
379,7
379,6
379,5
379,4
379,3
379,2
379,1
379,0
31,17
31,16
31,15
31,14
31,13
31,12
31,11
31,10
218,30
145,8
378,5
378,4
378,3
378,2
378,1
378,0
377,6
377,5
377,4
377,3
377,2
377,1
377,0
376,5
376,4
376,3
376,2
376,1
376,0
5,70
375,13
375,12
375,11
375,10
375,9
375,8
375,7
375,6
375,5
375,4
375,3
375,2
375,1
375,0
374,4
374,3
374,2
374,1
374,0
347,5
373,7
373,6
373,5
373,4
373,3
373,2
373,1
373,0
372,11
372,10
372,9
372,8
372,7
372,6
372,5
372,4
372,3
372,2
372,1
372,0
371,6
371,5
371,4
371,3
371,2
371,1
371,0
370,7
370,6
370,5
370,4
370,3
370,2
370,1
370,0
369,7
369,6
369,5
369,4
369,3
369,2
369,1
369,0
30,12
30,11
334,8
368,6
368,5
368,4
368,3
368,2
368,1
368,0
109,6
367,5
367,4
367,3
367,2
367,1
367,0
366,4
366,3
366,2
366,1
366,0
5,68
365,8
365,7
365,6
365,5
365,4
365,3
365,2
365,1
365,0
0,218
5,67
364,7
364,6
364,5
364,4
364,3
364,2
364,1
364,0
363,3
363,2
363,1
363,0
54,6
362,4
362,3
362,2
362,1
362,0
5,66
361,5
361,3
361,2
361,1
361,0
360,5
360,3
360,2
360,1
360,0
359,5
359,4
359,3
359,2
359,1
359,0
315,8
5,65
250,9
5,64
358,7
358,6
358,5
358,4
358,3
358,2
358,1
358,0
327,7
357,4
357,3
357,2
357,1
357,0
356,4
356,3
356,2
356,1
356,0
355,4
355,3
355,2
355,1
355,0
354,4
354,3
354,2
354,1
354,0
353,4
353,3
353,2
353,1
353,0
352,4
352,3
352,2
352,1
352,0
351,4
351,3
351,2
351,1
351,0
350,4
350,3
350,2
350,1
350,0
349,4
349,3
349,2
349,1
349,0
287,7
348,5
348,4
348,3
348,2
348,1
348,0
347,4
347,3
347,2
347,1
347,0
346,5
346,4
346,3
346,2
346,1
346,0
345,3
345,2
345,1
345,0
344,5
344,4
344,3
344,2
344,1
344,0
330,18
235,5
218,29
218,28
325,15
343,7
343,6
343,5
343,4
343,3
343,2
343,1
343,0
342,3
342,2
342,1
342,0
341,3
341,2
341,1
341,0
196,7
340,5
340,4
340,3
340,2
340,1
340,0
339,3
339,2
339,1
339,0
232,8
338,11
338,10
338,9
338,8
338,7
338,6
338,5
338,4
338,3
338,2
338,1
338,0
0,217
337,11
337,10
337,9
337,8
337,7
337,6
337,5
337,4
337,3
337,2
337,1
337,0
336,4
336,3
336,2
336,1
336,0
330,17
335,3
335,2
335,1
335,0
334,6
334,5
334,4
334,3
334,2
334,1
334,0
333,6
333,5
333,4
333,3
333,2
333,1
333,0
332,7
332,6
332,5
332,4
332,3
332,2
332,1
332,0
331,6
331,5
331,4
331,3
331,2
331,1
331,0
330,16
330,15
330,14
330,13
330,12
330,11
330,10
330,9
330,8
330,7
330,6
330,5
330,4
330,3
330,2
330,1
330,0
329,7
329,6
329,5
329,4
329,3
329,2
329,1
329,0
238,5
328,3
328,2
328,1
328,0
83,11
327,6
327,5
327,4
327,3
327,2
327,1
327,0
326,4
326,3
326,2
326,1
326,0
69,5
30,9
30,8
30,7
325,13
325,12
325,11
325,10
325,9
325,8
325,7
325,6
325,5
325,4
325,3
325,2
325,1
325,0
324,3
324,2
324,1
324,0
0,215
258,6
4,5
4,4
323,5
323,4
323,3
323,2
323,1
323,0
322,4
322,3
322,2
322,1
322,0
215,7
321,5
321,4
321,3
321,2
321,1
321,0
320,4
320,3
320,2
320,1
320,0
254,7
319,6
319,5
319,4
319,3
319,2
319,1
319,0
318,7
318,6
318,5
318,4
318,3
318,2
318,1
318,0
317,5
317,4
317,3
317,2
0,214
317,1
317,0
316,5
316,4
316,3
316,2
316,1
316,0
28,5
27,4
83,10
123,74
123,73
123,72
123,71
123,70
123,69
123,68
123,67
123,66
123,65
123,64
123,36
123,35
123,34
123,33
123,32
123,31
123,30
123,29
123,28
123,27
123,26
123,25
123,24
123,23
123,22
123,21
123,20
123,19
123,18
123,17
123,16
123,15
123,14
123,13
123,12
123,11
123,10
123,9
123,8
123,7
123,6
123,5
315,6
315,5
315,4
315,3
315,2
315,1
315,0
30,6
314,4
314,3
314,2
314,1
314,0
313,6
313,5
313,4
313,3
313,2
313,1
313,0
312,19
312,18
312,17
312,16
312,15
312,13
312,12
312,11
312,10
312,9
312,8
312,7
312,6
312,5
312,4
312,3
312,2
312,1
312,0
311,4
311,3
311,2
311,1
311,0
310,4
310,3
310,2
310,1
310,0
309,6
309,5
309,3
309,2
309,1
309,0
308,6
308,5
308,4
308,3
308,2
308,1
308,0
195,7
307,6
307,5
307,4
307,3
307,2
307,1
307,0
306,5
306,4
306,3
306,2
306,1
306,0
305,4
305,3
305,2
305,1
305,0
64,5
304,5
304,4
304,3
304,2
304,1
304,0
303,10
303,9
303,8
303,7
303,6
303,5
303,4
303,3
303,2
303,1
303,0
302,7
302,6
302,5
302,4
302,3
302,2
302,1
302,0
301,4
301,3
301,2
301,1
301,0
300,13
300,12
300,11
300,10
300,9
300,8
300,7
300,6
300,5
300,4
300,3
300,2
300,1
300,0
0,213
299,5
299,4
299,3
299,2
299,1
299,0
298,4
298,3
298,2
298,1
298,0
297,4
297,3
297,2
297,1
297,0
293,5
23,5
218,27
218,26
218,25
218,24
218,23
296,4
296,3
296,2
296,1
296,0
295,4
295,3
295,2
295,1
295,0
294,4
294,3
294,2
294,1
294,0
293,4
293,3
293,2
293,1
293,0
0,212
292,4
292,3
292,2
292,1
292,0
291,4
291,3
291,2
291,1
291,0
290,7
290,6
290,5
290,4
290,3
290,2
290,1
290,0
289,6
289,5
289,4
289,3
289,2
289,1
289,0
288,4
288,3
288,2
288,1
288,0
287,5
287,4
287,3
287,2
287,1
287,0
286,13
286,12
286,11
286,10
286,9
286,8
286,7
286,6
286,5
286,4
286,3
286,2
286,1
286,0
5,36
285,6
285,5
285,4
285,3
285,2
285,1
285,0
284,7
284,6
284,5
284,4
284,3
284,2
284,1
284,0
283,5
283,4
283,3
283,2
283,1
283,0
282,5
282,4
282,3
282,2
282,1
282,0
281,11
281,10
281,9
281,8
281,7
281,6
281,5
281,4
281,3
281,2
281,1
281,0
280,10
280,9
280,8
280,7
280,6
280,5
280,4
280,3
280,2
280,1
280,0
279,6
279,5
279,4
279,3
279,2
279,1
279,0
253,7
278,5
278,4
278,3
278,2
278,1
278,0
5,35
5,34
277,12
277,11
277,10
277,9
277,8
277,7
277,6
277,5
277,4
277,3
277,2
277,1
277,0
276,6
276,5
276,4
276,3
276,2
276,1
276,0
275,6
275,5
275,4
275,3
275,2
275,1
275,0
274,6
274,5
274,3
274,2
274,1
274,0
0,211
273,7
273,6
273,5
273,4
273,3
273,2
273,1
273,0
272,17
138,7
5,33
272,16
272,15
272,14
272,13
272,12
272,11
272,10
272,9
272,8
272,7
272,6
272,5
272,4
272,3
272,2
272,1
272,0
29,5
271,4
271,3
271,2
271,1
271,0
270,4
270,3
270,2
270,1
270,0
267,5
218,22
218,21
218,20
218,19
218,18
269,7
269,6
269,5
269,4
269,3
269,2
269,1
269,0
268,11
268,10
268,9
268,8
268,7
268,6
268,5
268,4
268,3
268,2
268,1
268,0
267,4
267,3
267,2
267,1
267,0
5,32
266,4
266,3
266,2
266,1
266,0
265,4
265,3
265,2
265,1
265,0
264,4
264,3
264,2
264,1
264,0
263,4
263,3
263,2
263,1
263,0
262,7
262,6
0,210
262,5
262,4
262,3
262,2
262,1
262,0
261,4
261,3
261,2
261,1
261,0
260,5
260,4
260,3
260,2
260,1
260,0
259,5
259,4
259,3
259,2
259,1
259,0
258,5
258,4
258,3
258,2
258,1
258,0
257,5
257,4
257,3
257,2
257,1
257,0
256,5
256,4
256,3
256,2
256,1
256,0
255,4
255,3
255,2
255,1
255,0
0,209
254,5
254,4
254,3
254,2
254,1
254,0
253,6
253,5
253,4
253,3
253,2
253,1
253,0
22,5
21,4
243,16
243,15
252,6
252,5
252,4
252,3
252,2
252,1
252,0
242,13
251,4
251,3
251,2
251,1
251,0
250,8
250,7
250,6
250,5
250,4
250,3
250,2
250,1
250,0
249,4
249,3
249,2
249,1
249,0
248,4
248,3
248,2
248,1
248,0
118,5
247,5
247,4
247,3
247,2
247,1
247,0
246,5
246,4
246,3
246,2
246,1
246,0
242,12
245,4
245,3
245,2
245,1
245,0
244,10
244,9
244,8
0,208
244,7
244,6
244,5
244,4
244,3
244,2
244,1
244,0
208,6
243,14
